[DEBUG] Parsing input.
[DEBUG] Lines: [b'#.#####', b'#.....#', b'#.>...#', b'#.....#', b'#.....#', b'#...v.#', b'#####.#']
[DEBUG] Line: b'#.....#'
Spot: 46
Spot: 46
Spot: 46
Spot: 46
Spot: 46
[DEBUG] Line: b'#.>...#'
Spot: 46
Spot: 62
[DEBUG] Spot: 62
Spot: 46
Spot: 46
Spot: 46
[DEBUG] Line: b'#.....#'
Spot: 46
Spot: 46
Spot: 46
Spot: 46
Spot: 46
[DEBUG] Line: b'#.....#'
Spot: 46
Spot: 46
Spot: 46
Spot: 46
Spot: 46
[DEBUG] Line: b'#...v.#'
Spot: 46
Spot: 46
Spot: 46
Spot: 118
[DEBUG] Spot: 118
Spot: 46
[DEBUG] Blizzards: {(1, 1): [[3, 0]], (3, 4): [[2, 0]]} .
[DEBUG] Showing blizzards.
[[1 1 1 1 1 1 1 1 1 1]
 [1 0 1 1 1 1 1 1 1 1]
 [1 1 1 1 1 1 1 1 1 1]
 [1 1 1 1 0 1 1 1 1 1]
 [1 1 1 1 1 1 1 1 1 1]
 [1 1 1 1 1 1 1 1 1 1]
 [1 1 1 1 1 1 1 1 1 1]
 [1 1 1 1 1 1 1 1 1 1]
 [1 1 1 1 1 1 1 1 1 1]
 [1 1 1 1 1 1 1 1 1 1]]
[DEBUG] Skipping forward:
[DEBUG] Skipped 0 steps!
[DEBUG] All possible steps: {(0, 1), (0, 0), (-1, 0), (1, 0), (0, -1)}
[DEBUG] Type of "positions" == <class 'set'>
[DEBUG] After blizzards: {(0, 1), (0, 0), (-1, 0), (1, 0), (0, -1)}
[DEBUG] Blizzards: {(1, 1): [[3, 0]], (3, 4): [[2, 0]]}
[DEBUG] All possible steps: {(0, 1), (0, 0), (-1, 1), (1, 1), (2, 0), (1, -1), (-1, 0), (0, 2), (1, 0), (0, -1)}
[DEBUG] Type of "positions" == <class 'set'>
[DEBUG] After blizzards: {(0, 1), (0, 0), (-1, 1), (1, 1), (2, 0), (1, -1), (-1, 0), (0, 2), (1, 0), (0, -1)}
[DEBUG] Blizzards: {(2, 1): [[3, 1]], (3, 0): [[2, 1]]}
[DEBUG] All possible steps: {(0, 1), (2, -1), (1, 2), (2, 1), (0, 0), (-1, 1), (1, 1), (0, 3), (2, 0), (1, -1), (3, 0), (-1, 0), (0, 2), (1, 0), (-1, 2), (0, -1)}
[DEBUG] Type of "positions" == <class 'set'>
[DEBUG] After blizzards: {(0, 1), (2, -1), (1, 2), (2, 1), (0, 0), (-1, 1), (1, 1), (0, 3), (2, 0), (1, -1), (3, 0), (-1, 0), (0, 2), (1, 0), (-1, 2), (0, -1)}
[DEBUG] Blizzards: {(3, 1): [[3, 2], [2, 2]]}
[DEBUG] All possible steps: {(4, 0), (3, -1), (3, 1), (0, 2), (2, 2), (1, 0), (1, 3), (-1, 1), (3, 0), (0, -1), (0, 1), (2, -1), (1, 2), (0, 4), (2, 1), (-1, 0), (-1, 3), (0, 0), (1, 1), (0, 3), (2, 0), (1, -1), (-1, 2)}
[DEBUG] Type of "positions" == <class 'set'>
[DEBUG] After blizzards: {(4, 0), (3, -1), (0, 2), (2, 2), (1, 0), (1, 3), (-1, 1), (3, 0), (0, -1), (0, 1), (2, -1), (1, 2), (0, 4), (2, 1), (-1, 0), (-1, 3), (0, 0), (1, 1), (0, 3), (2, 0), (1, -1), (-1, 2)}
[DEBUG] Blizzards: {(3, 1): [[2, 2]], (4, 1): [[3, 3]]}
[DEBUG] All possible steps: {(4, 0), (3, -1), (3, 1), (0, 2), (0, 5), (2, 2), (1, 0), (1, 3), (-1, 4), (-1, 1), (3, 0), (5, 0), (0, -1), (0, 1), (2, -1), (1, 2), (0, 4), (2, 1), (-1, 0), (-1, 3), (4, -1), (3, 2), (4, 1), (0, 0), (1, 1), (0, 3), (2, 0), (1, -1), (1, 4), (2, 3), (-1, 2)}
[DEBUG] Type of "positions" == <class 'set'>
[DEBUG] After blizzards: {(4, 0), (3, -1), (3, 1), (0, 2), (0, 5), (2, 2), (1, 0), (1, 3), (-1, 4), (-1, 1), (3, 0), (5, 0), (0, -1), (2, -1), (1, 2), (0, 4), (2, 1), (-1, 0), (-1, 3), (4, -1), (4, 1), (0, 0), (1, 1), (0, 3), (2, 0), (1, -1), (1, 4), (2, 3), (-1, 2)}
[DEBUG] Blizzards: {(3, 2): [[2, 4]], (0, 1): [[3, 4]]}
[DEBUG] All possible steps: {(4, 0), (3, -1), (3, 1), (5, 1), (0, 2), (0, 5), (2, 2), (1, 0), (1, 3), (-1, 4), (4, 2), (3, 0), (3, 3), (5, 0), (0, -1), (0, 1), (2, -1), (2, 4), (1, 2), (0, 4), (2, 1), (1, 5), (-1, 0), (-1, 3), (4, -1), (3, 2), (4, 1), (0, 0), (1, 1), (0, 3), (2, 0), (1, -1), (1, 4), (2, 3), (-1, 2)}
[DEBUG] Type of "positions" == <class 'set'>
[DEBUG] After blizzards: {(4, 0), (3, -1), (3, 1), (5, 1), (0, 2), (0, 5), (2, 2), (1, 0), (1, 3), (-1, 4), (4, 2), (3, 0), (5, 0), (0, -1), (0, 1), (2, -1), (2, 4), (1, 2), (0, 4), (2, 1), (1, 5), (-1, 0), (-1, 3), (4, -1), (3, 2), (4, 1), (0, 0), (0, 3), (2, 0), (1, -1), (1, 4), (2, 3), (-1, 2)}
[DEBUG] Blizzards: {(3, 3): [[2, 5]], (1, 1): [[3, 5]]}
[DEBUG] All possible steps: {(4, 0), (3, -1), (3, 4), (4, 3), (3, 1), (5, 1), (0, 2), (0, 5), (2, 2), (1, 0), (2, 5), (1, 3), (-1, 4), (-1, 1), (4, 2), (3, 0), (3, 3), (5, 0), (0, -1), (0, 1), (2, -1), (2, 4), (1, 2), (0, 4), (2, 1), (1, 5), (-1, 0), (-1, 3), (4, -1), (3, 2), (4, 1), (5, 2), (0, 0), (1, 1), (0, 3), (2, 0), (1, -1), (1, 4), (2, 3), (-1, 2)}
[DEBUG] Type of "positions" == <class 'set'>
[DEBUG] After blizzards: {(4, 0), (3, -1), (4, 3), (3, 1), (5, 1), (0, 2), (0, 5), (2, 2), (1, 0), (2, 5), (1, 3), (-1, 4), (-1, 1), (4, 2), (3, 0), (3, 3), (5, 0), (0, -1), (0, 1), (2, -1), (2, 4), (1, 2), (0, 4), (1, 5), (-1, 0), (-1, 3), (4, -1), (3, 2), (4, 1), (5, 2), (0, 0), (1, 1), (0, 3), (2, 0), (1, -1), (1, 4), (2, 3), (-1, 2)}
[DEBUG] Blizzards: {(3, 4): [[2, 6]], (2, 1): [[3, 6]]}
[DEBUG] All possible steps: {(4, 0), (3, -1), (3, 4), (4, 3), (3, 1), (5, 1), (0, 2), (0, 5), (2, 2), (1, 0), (2, 5), (1, 3), (-1, 4), (-1, 1), (4, 2), (3, 0), (3, 3), (5, 0), (5, 3), (0, -1), (0, 1), (2, -1), (2, 4), (1, 2), (0, 4), (2, 1), (1, 5), (-1, 0), (-1, 3), (4, -1), (3, 2), (4, 1), (5, 2), (4, 4), (0, 0), (1, 1), (0, 3), (2, 0), (1, -1), (1, 4), (2, 3), (-1, 2)}
Solution to puzzle: 7
