visited == {(9, 10), (10, 11), (11, 10), (10, 10), (10, 9)}
(9, 10)
(10, 11)
(11, 10)
(10, 10)
(10, 9)
....................
....................
....................
....................
....................
....................
....................
....................
....................
..........#.........
.........###........
..........#.........
....................
....................
....................
....................
....................
....................
....................
....................
visited == {(9, 10), (10, 11), (11, 10), (10, 8), (9, 9), (12, 10), (8, 10), (11, 9), (10, 10), (10, 9), (9, 11), (10, 12), (11, 11)}
(9, 10)
(10, 11)
(11, 10)
(10, 8)
(9, 9)
(12, 10)
(8, 10)
(11, 9)
(10, 10)
(10, 9)
(9, 11)
(10, 12)
(11, 11)
....................
....................
....................
....................
....................
....................
....................
....................
..........#.........
.........###........
........#####.......
.........###........
..........#.........
....................
....................
....................
....................
....................
....................
....................
visited == {(12, 10), (8, 9), (9, 8), (10, 9), (9, 11), (11, 8), (10, 12), (11, 11), (7, 10), (12, 9), (8, 11), (9, 10), (10, 11), (11, 10), (10, 8), (13, 10), (12, 11), (9, 9), (9, 12), (8, 10), (11, 9), (10, 7), (10, 13), (11, 12), (10, 10)}
(12, 10)
(8, 9)
(9, 8)
(10, 9)
(9, 11)
(11, 8)
(10, 12)
(11, 11)
(7, 10)
(12, 9)
(8, 11)
(9, 10)
(10, 11)
(11, 10)
(10, 8)
(13, 10)
(12, 11)
(9, 9)
(9, 12)
(8, 10)
(11, 9)
(10, 7)
(10, 13)
(11, 12)
(10, 10)
....................
....................
....................
....................
....................
....................
....................
..........#.........
.........###........
........#####.......
.......#######......
........#####.......
.........###........
..........#.........
....................
....................
....................
....................
....................
....................
visited == {(12, 10), (14, 10), (8, 9), (10, 6), (9, 8), (8, 12), (10, 9), (9, 11), (11, 8), (10, 12), (13, 11), (11, 11), (7, 10), (12, 9), (12, 12), (9, 7), (8, 11), (9, 10), (8, 8), (11, 7), (10, 11), (9, 13), (11, 10), (10, 8), (10, 14), (11, 13), (13, 10), (7, 9), (6, 10), (12, 11), (12, 8), (9, 9), (9, 12), (8, 10), (11, 9), (10, 7), (10, 13), (11, 12), (10, 10), (13, 9), (7, 11)}
(12, 10)
(14, 10)
(8, 9)
(10, 6)
(9, 8)
(8, 12)
(10, 9)
(9, 11)
(11, 8)
(10, 12)
(13, 11)
(11, 11)
(7, 10)
(12, 9)
(12, 12)
(9, 7)
(8, 11)
(9, 10)
(8, 8)
(11, 7)
(10, 11)
(9, 13)
(11, 10)
(10, 8)
(10, 14)
(11, 13)
(13, 10)
(7, 9)
(6, 10)
(12, 11)
(12, 8)
(9, 9)
(9, 12)
(8, 10)
(11, 9)
(10, 7)
(10, 13)
(11, 12)
(10, 10)
(13, 9)
(7, 11)
....................
....................
....................
....................
....................
....................
..........#.........
.........###........
........#####.......
.......#######......
......#########.....
.......#######......
........#####.......
.........###........
..........#.........
....................
....................
....................
....................
....................
visited == {(12, 7), (12, 10), (12, 13), (14, 10), (5, 10), (8, 9), (10, 6), (9, 8), (9, 14), (8, 12), (10, 9), (9, 11), (11, 8), (11, 14), (10, 12), (13, 11), (11, 11), (13, 8), (10, 15), (6, 11), (7, 10), (12, 9), (12, 12), (14, 9), (9, 7), (8, 11), (9, 10), (8, 8), (11, 7), (10, 11), (9, 13), (11, 10), (10, 8), (10, 14), (10, 5), (11, 13), (13, 10), (7, 9), (15, 10), (7, 12), (6, 10), (12, 11), (12, 8), (14, 11), (9, 9), (8, 7), (9, 6), (9, 12), (8, 10), (11, 9), (10, 7), (10, 13), (11, 12), (10, 10), (13, 9), (8, 13), (11, 6), (13, 12), (7, 11), (6, 9), (7, 8)}
(12, 7)
(12, 10)
(12, 13)
(14, 10)
(5, 10)
(8, 9)
(10, 6)
(9, 8)
(9, 14)
(8, 12)
(10, 9)
(9, 11)
(11, 8)
(11, 14)
(10, 12)
(13, 11)
(11, 11)
(13, 8)
(10, 15)
(6, 11)
(7, 10)
(12, 9)
(12, 12)
(14, 9)
(9, 7)
(8, 11)
(9, 10)
(8, 8)
(11, 7)
(10, 11)
(9, 13)
(11, 10)
(10, 8)
(10, 14)
(10, 5)
(11, 13)
(13, 10)
(7, 9)
(15, 10)
(7, 12)
(6, 10)
(12, 11)
(12, 8)
(14, 11)
(9, 9)
(8, 7)
(9, 6)
(9, 12)
(8, 10)
(11, 9)
(10, 7)
(10, 13)
(11, 12)
(10, 10)
(13, 9)
(8, 13)
(11, 6)
(13, 12)
(7, 11)
(6, 9)
(7, 8)
....................
....................
....................
....................
....................
..........#.........
.........###........
........#####.......
.......#######......
......#########.....
.....###########....
......#########.....
.......#######......
........#####.......
.........###........
..........#.........
....................
....................
....................
....................
visited == {(5, 10), (8, 9), (10, 6), (9, 8), (11, 5), (11, 14), (13, 8), (6, 11), (7, 10), (8, 11), (9, 10), (11, 7), (13, 10), (7, 12), (14, 8), (9, 12), (11, 9), (13, 12), (15, 9), (12, 13), (14, 10), (9, 5), (9, 14), (10, 15), (15, 11), (16, 10), (7, 7), (12, 6), (14, 12), (5, 9), (9, 7), (10, 8), (13, 7), (7, 9), (12, 8), (5, 11), (9, 9), (8, 13), (10, 10), (13, 9), (7, 11), (12, 10), (8, 6), (10, 12), (13, 11), (11, 11), (6, 8), (12, 12), (14, 9), (8, 8), (10, 5), (10, 14), (11, 13), (6, 10), (12, 14), (14, 11), (4, 10), (8, 10), (10, 7), (11, 6), (10, 16), (11, 15), (6, 12), (12, 7), (8, 12), (10, 9), (9, 11), (11, 8), (7, 13), (12, 9), (8, 14), (10, 11), (9, 13), (11, 10), (13, 13), (15, 10), (12, 11), (8, 7), (10, 4), (9, 6), (10, 13), (9, 15), (11, 12), (6, 9), (7, 8)}
(5, 10)
(8, 9)
(10, 6)
(9, 8)
(11, 5)
(11, 14)
(13, 8)
(6, 11)
(7, 10)
(8, 11)
(9, 10)
(11, 7)
(13, 10)
(7, 12)
(14, 8)
(9, 12)
(11, 9)
(13, 12)
(15, 9)
(12, 13)
(14, 10)
(9, 5)
(9, 14)
(10, 15)
(15, 11)
(16, 10)
(7, 7)
(12, 6)
(14, 12)
(5, 9)
(9, 7)
(10, 8)
(13, 7)
(7, 9)
(12, 8)
(5, 11)
(9, 9)
(8, 13)
(10, 10)
(13, 9)
(7, 11)
(12, 10)
(8, 6)
(10, 12)
(13, 11)
(11, 11)
(6, 8)
(12, 12)
(14, 9)
(8, 8)
(10, 5)
(10, 14)
(11, 13)
(6, 10)
(12, 14)
(14, 11)
(4, 10)
(8, 10)
(10, 7)
(11, 6)
(10, 16)
(11, 15)
(6, 12)
(12, 7)
(8, 12)
(10, 9)
(9, 11)
(11, 8)
(7, 13)
(12, 9)
(8, 14)
(10, 11)
(9, 13)
(11, 10)
(13, 13)
(15, 10)
(12, 11)
(8, 7)
(10, 4)
(9, 6)
(10, 13)
(9, 15)
(11, 12)
(6, 9)
(7, 8)
....................
....................
....................
....................
..........#.........
.........###........
........#####.......
.......#######......
......#########.....
.....###########....
....#############...
.....###########....
......#########.....
.......#######......
........#####.......
.........###........
..........#.........
....................
....................
....................
visited == {(4, 9), (14, 13), (5, 10), (8, 9), (10, 6), (9, 8), (11, 5), (11, 14), (13, 8), (6, 11), (7, 10), (5, 12), (8, 11), (9, 10), (11, 7), (11, 16), (13, 10), (6, 13), (7, 12), (14, 8), (9, 12), (11, 9), (13, 12), (15, 9), (7, 14), (12, 13), (14, 10), (3, 10), (9, 5), (9, 14), (10, 15), (13, 14), (15, 11), (16, 10), (7, 7), (12, 6), (12, 15), (14, 12), (5, 9), (4, 11), (9, 7), (11, 4), (9, 16), (10, 8), (13, 7), (10, 17), (7, 9), (12, 8), (5, 11), (9, 9), (8, 13), (10, 10), (13, 9), (7, 11), (12, 10), (14, 7), (8, 6), (10, 3), (8, 15), (10, 12), (13, 11), (11, 11), (6, 8), (12, 12), (14, 9), (8, 8), (10, 5), (10, 14), (11, 13), (16, 9), (6, 10), (12, 5), (12, 14), (14, 11), (4, 10), (8, 10), (10, 7), (11, 6), (10, 16), (11, 15), (6, 12), (12, 7), (8, 12), (10, 9), (9, 11), (11, 8), (15, 8), (7, 13), (12, 9), (8, 5), (9, 4), (8, 14), (10, 11), (9, 13), (11, 10), (13, 13), (15, 10), (6, 7), (7, 6), (12, 11), (5, 8), (8, 7), (10, 4), (9, 6), (17, 10), (10, 13), (9, 15), (11, 12), (13, 6), (15, 12), (6, 9), (16, 11), (7, 8)}
(4, 9)
(14, 13)
(5, 10)
(8, 9)
(10, 6)
(9, 8)
(11, 5)
(11, 14)
(13, 8)
(6, 11)
(7, 10)
(5, 12)
(8, 11)
(9, 10)
(11, 7)
(11, 16)
(13, 10)
(6, 13)
(7, 12)
(14, 8)
(9, 12)
(11, 9)
(13, 12)
(15, 9)
(7, 14)
(12, 13)
(14, 10)
(3, 10)
(9, 5)
(9, 14)
(10, 15)
(13, 14)
(15, 11)
(16, 10)
(7, 7)
(12, 6)
(12, 15)
(14, 12)
(5, 9)
(4, 11)
(9, 7)
(11, 4)
(9, 16)
(10, 8)
(13, 7)
(10, 17)
(7, 9)
(12, 8)
(5, 11)
(9, 9)
(8, 13)
(10, 10)
(13, 9)
(7, 11)
(12, 10)
(14, 7)
(8, 6)
(10, 3)
(8, 15)
(10, 12)
(13, 11)
(11, 11)
(6, 8)
(12, 12)
(14, 9)
(8, 8)
(10, 5)
(10, 14)
(11, 13)
(16, 9)
(6, 10)
(12, 5)
(12, 14)
(14, 11)
(4, 10)
(8, 10)
(10, 7)
(11, 6)
(10, 16)
(11, 15)
(6, 12)
(12, 7)
(8, 12)
(10, 9)
(9, 11)
(11, 8)
(15, 8)
(7, 13)
(12, 9)
(8, 5)
(9, 4)
(8, 14)
(10, 11)
(9, 13)
(11, 10)
(13, 13)
(15, 10)
(6, 7)
(7, 6)
(12, 11)
(5, 8)
(8, 7)
(10, 4)
(9, 6)
(17, 10)
(10, 13)
(9, 15)
(11, 12)
(13, 6)
(15, 12)
(6, 9)
(16, 11)
(7, 8)
....................
....................
....................
..........#.........
.........###........
........#####.......
.......#######......
......#########.....
.....###########....
....#############...
...###############..
....#############...
.....###########....
......#########.....
.......#######......
........#####.......
.........###........
..........#.........
....................
....................
visited == {(12, 4), (4, 9), (14, 13), (5, 10), (8, 9), (10, 6), (9, 8), (11, 5), (9, 17), (11, 14), (13, 8), (6, 11), (7, 10), (18, 10), (5, 12), (8, 11), (9, 10), (11, 7), (11, 16), (13, 10), (15, 7), (6, 13), (7, 12), (14, 8), (8, 4), (9, 3), (9, 12), (11, 9), (13, 12), (15, 9), (6, 6), (16, 8), (7, 5), (7, 14), (12, 13), (14, 10), (3, 10), (5, 7), (17, 9), (9, 5), (9, 14), (13, 5), (10, 15), (13, 14), (15, 11), (16, 10), (7, 7), (12, 6), (12, 15), (14, 12), (5, 9), (4, 11), (17, 11), (9, 7), (11, 4), (9, 16), (10, 8), (13, 7), (10, 17), (15, 13), (16, 12), (7, 9), (12, 8), (14, 14), (5, 11), (9, 9), (8, 13), (10, 10), (13, 9), (7, 11), (12, 10), (14, 7), (5, 13), (8, 6), (10, 3), (8, 15), (10, 12), (13, 11), (11, 11), (6, 8), (12, 12), (14, 9), (3, 9), (4, 8), (8, 8), (10, 5), (10, 14), (11, 13), (2, 10), (16, 9), (6, 10), (12, 5), (12, 14), (14, 11), (3, 11), (4, 10), (8, 10), (10, 7), (11, 6), (10, 16), (11, 15), (6, 12), (12, 7), (12, 16), (4, 12), (8, 12), (10, 9), (9, 11), (11, 8), (10, 18), (11, 17), (15, 8), (6, 14), (7, 13), (12, 9), (14, 6), (8, 5), (10, 2), (9, 4), (8, 14), (10, 11), (9, 13), (11, 10), (13, 13), (15, 10), (6, 7), (7, 6), (7, 15), (12, 11), (5, 8), (8, 7), (10, 4), (9, 6), (17, 10), (11, 3), (8, 16), (10, 13), (9, 15), (11, 12), (13, 6), (13, 15), (15, 12), (6, 9), (16, 11), (7, 8)}
(12, 4)
(4, 9)
(14, 13)
(5, 10)
(8, 9)
(10, 6)
(9, 8)
(11, 5)
(9, 17)
(11, 14)
(13, 8)
(6, 11)
(7, 10)
(18, 10)
(5, 12)
(8, 11)
(9, 10)
(11, 7)
(11, 16)
(13, 10)
(15, 7)
(6, 13)
(7, 12)
(14, 8)
(8, 4)
(9, 3)
(9, 12)
(11, 9)
(13, 12)
(15, 9)
(6, 6)
(16, 8)
(7, 5)
(7, 14)
(12, 13)
(14, 10)
(3, 10)
(5, 7)
(17, 9)
(9, 5)
(9, 14)
(13, 5)
(10, 15)
(13, 14)
(15, 11)
(16, 10)
(7, 7)
(12, 6)
(12, 15)
(14, 12)
(5, 9)
(4, 11)
(17, 11)
(9, 7)
(11, 4)
(9, 16)
(10, 8)
(13, 7)
(10, 17)
(15, 13)
(16, 12)
(7, 9)
(12, 8)
(14, 14)
(5, 11)
(9, 9)
(8, 13)
(10, 10)
(13, 9)
(7, 11)
(12, 10)
(14, 7)
(5, 13)
(8, 6)
(10, 3)
(8, 15)
(10, 12)
(13, 11)
(11, 11)
(6, 8)
(12, 12)
(14, 9)
(3, 9)
(4, 8)
(8, 8)
(10, 5)
(10, 14)
(11, 13)
(2, 10)
(16, 9)
(6, 10)
(12, 5)
(12, 14)
(14, 11)
(3, 11)
(4, 10)
(8, 10)
(10, 7)
(11, 6)
(10, 16)
(11, 15)
(6, 12)
(12, 7)
(12, 16)
(4, 12)
(8, 12)
(10, 9)
(9, 11)
(11, 8)
(10, 18)
(11, 17)
(15, 8)
(6, 14)
(7, 13)
(12, 9)
(14, 6)
(8, 5)
(10, 2)
(9, 4)
(8, 14)
(10, 11)
(9, 13)
(11, 10)
(13, 13)
(15, 10)
(6, 7)
(7, 6)
(7, 15)
(12, 11)
(5, 8)
(8, 7)
(10, 4)
(9, 6)
(17, 10)
(11, 3)
(8, 16)
(10, 13)
(9, 15)
(11, 12)
(13, 6)
(13, 15)
(15, 12)
(6, 9)
(16, 11)
(7, 8)
....................
....................
..........#.........
.........###........
........#####.......
.......#######......
......#########.....
.....###########....
....#############...
...###############..
..#################.
...###############..
....#############...
.....###########....
......#########.....
.......#######......
........#####.......
.........###........
..........#.........
....................
visited == {(12, 4), (4, 9), (14, 13), (5, 10), (8, 9), (10, 6), (9, 8), (11, 5), (17, 12), (9, 17), (11, 14), (2, 11), (13, 8), (15, 14), (6, 11), (16, 13), (7, 10), (18, 10), (14, 15), (5, 12), (8, 11), (9, 10), (11, 7), (11, 16), (13, 10), (15, 7), (6, 13), (7, 12), (14, 8), (3, 8), (8, 4), (9, 3), (5, 14), (9, 12), (11, 9), (13, 12), (15, 9), (6, 6), (16, 8), (7, 5), (1, 10), (7, 14), (12, 13), (14, 10), (3, 10), (5, 7), (17, 9), (9, 5), (11, 2), (9, 14), (13, 5), (10, 15), (13, 14), (15, 11), (16, 10), (7, 7), (7, 16), (12, 6), (12, 15), (14, 12), (5, 9), (4, 11), (17, 11), (9, 7), (11, 4), (3, 12), (9, 16), (10, 8), (13, 7), (10, 17), (13, 16), (15, 13), (16, 12), (7, 9), (18, 9), (12, 8), (14, 5), (12, 17), (14, 14), (5, 11), (4, 13), (9, 9), (10, 1), (8, 13), (10, 10), (13, 9), (15, 6), (10, 19), (11, 18), (7, 11), (18, 11), (6, 15), (12, 10), (14, 7), (9, 2), (5, 13), (8, 6), (10, 3), (8, 15), (10, 12), (13, 11), (11, 11), (16, 7), (7, 4), (6, 8), (12, 3), (12, 12), (14, 9), (3, 9), (4, 8), (5, 6), (8, 8), (10, 5), (13, 4), (8, 17), (10, 14), (11, 13), (2, 10), (16, 9), (6, 10), (12, 5), (12, 14), (14, 11), (3, 11), (4, 10), (8, 10), (10, 7), (19, 10), (11, 6), (10, 16), (9, 18), (11, 15), (6, 12), (12, 7), (12, 16), (4, 12), (8, 3), (8, 12), (10, 9), (9, 11), (11, 8), (10, 18), (11, 17), (15, 8), (6, 5), (6, 14), (7, 13), (12, 9), (14, 6), (17, 8), (8, 5), (10, 2), (9, 4), (8, 14), (10, 11), (9, 13), (11, 10), (13, 13), (15, 10), (6, 7), (7, 6), (7, 15), (12, 11), (4, 7), (5, 8), (8, 7), (10, 4), (9, 6), (17, 10), (11, 3), (8, 16), (10, 13), (9, 15), (11, 12), (2, 9), (13, 6), (13, 15), (15, 12), (6, 9), (16, 11), (7, 8)}
(12, 4)
(4, 9)
(14, 13)
(5, 10)
(8, 9)
(10, 6)
(9, 8)
(11, 5)
(17, 12)
(9, 17)
(11, 14)
(2, 11)
(13, 8)
(15, 14)
(6, 11)
(16, 13)
(7, 10)
(18, 10)
(14, 15)
(5, 12)
(8, 11)
(9, 10)
(11, 7)
(11, 16)
(13, 10)
(15, 7)
(6, 13)
(7, 12)
(14, 8)
(3, 8)
(8, 4)
(9, 3)
(5, 14)
(9, 12)
(11, 9)
(13, 12)
(15, 9)
(6, 6)
(16, 8)
(7, 5)
(1, 10)
(7, 14)
(12, 13)
(14, 10)
(3, 10)
(5, 7)
(17, 9)
(9, 5)
(11, 2)
(9, 14)
(13, 5)
(10, 15)
(13, 14)
(15, 11)
(16, 10)
(7, 7)
(7, 16)
(12, 6)
(12, 15)
(14, 12)
(5, 9)
(4, 11)
(17, 11)
(9, 7)
(11, 4)
(3, 12)
(9, 16)
(10, 8)
(13, 7)
(10, 17)
(13, 16)
(15, 13)
(16, 12)
(7, 9)
(18, 9)
(12, 8)
(14, 5)
(12, 17)
(14, 14)
(5, 11)
(4, 13)
(9, 9)
(10, 1)
(8, 13)
(10, 10)
(13, 9)
(15, 6)
(10, 19)
(11, 18)
(7, 11)
(18, 11)
(6, 15)
(12, 10)
(14, 7)
(9, 2)
(5, 13)
(8, 6)
(10, 3)
(8, 15)
(10, 12)
(13, 11)
(11, 11)
(16, 7)
(7, 4)
(6, 8)
(12, 3)
(12, 12)
(14, 9)
(3, 9)
(4, 8)
(5, 6)
(8, 8)
(10, 5)
(13, 4)
(8, 17)
(10, 14)
(11, 13)
(2, 10)
(16, 9)
(6, 10)
(12, 5)
(12, 14)
(14, 11)
(3, 11)
(4, 10)
(8, 10)
(10, 7)
(19, 10)
(11, 6)
(10, 16)
(9, 18)
(11, 15)
(6, 12)
(12, 7)
(12, 16)
(4, 12)
(8, 3)
(8, 12)
(10, 9)
(9, 11)
(11, 8)
(10, 18)
(11, 17)
(15, 8)
(6, 5)
(6, 14)
(7, 13)
(12, 9)
(14, 6)
(17, 8)
(8, 5)
(10, 2)
(9, 4)
(8, 14)
(10, 11)
(9, 13)
(11, 10)
(13, 13)
(15, 10)
(6, 7)
(7, 6)
(7, 15)
(12, 11)
(4, 7)
(5, 8)
(8, 7)
(10, 4)
(9, 6)
(17, 10)
(11, 3)
(8, 16)
(10, 13)
(9, 15)
(11, 12)
(2, 9)
(13, 6)
(13, 15)
(15, 12)
(6, 9)
(16, 11)
(7, 8)
....................
..........#.........
.........###........
........#####.......
.......#######......
......#########.....
.....###########....
....#############...
...###############..
..#################.
.###################
..#################.
...###############..
....#############...
.....###########....
......#########.....
.......#######......
........#####.......
.........###........
..........#.........
visited == {(12, 4), (7, 17), (4, 9), (14, 13), (5, 10), (8, 9), (10, 6), (9, 8), (11, 5), (17, 12), (3, 13), (8, 18), (9, 17), (11, 14), (2, 11), (13, 8), (15, 5), (13, 17), (15, 14), (6, 11), (16, 13), (7, 10), (18, 10), (8, 2), (9, 1), (14, 15), (5, 12), (8, 11), (19, 11), (9, 10), (11, 7), (12, 18), (9, 19), (11, 16), (13, 10), (15, 7), (6, 4), (16, 6), (7, 3), (10, 20), (6, 13), (7, 12), (18, 12), (14, 8), (3, 8), (8, 4), (5, 5), (9, 3), (17, 7), (5, 14), (9, 12), (11, 9), (13, 3), (13, 12), (15, 9), (6, 6), (16, 8), (7, 5), (1, 10), (7, 14), (12, 13), (14, 10), (3, 10), (5, 7), (17, 9), (9, 5), (11, 2), (9, 14), (13, 5), (10, 15), (13, 14), (15, 11), (16, 10), (7, 7), (7, 16), (20, 10), (12, 6), (12, 15), (14, 12), (5, 9), (4, 11), (17, 11), (9, 7), (11, 4), (3, 12), (9, 16), (10, 8), (13, 7), (10, 17), (13, 16), (15, 13), (16, 12), (7, 9), (18, 9), (12, 8), (14, 5), (12, 17), (14, 14), (5, 11), (4, 13), (9, 9), (10, 1), (8, 13), (10, 10), (13, 9), (15, 6), (10, 19), (11, 18), (16, 14), (7, 11), (18, 11), (6, 15), (12, 10), (14, 7), (3, 7), (4, 6), (9, 2), (14, 16), (5, 13), (8, 6), (10, 3), (8, 15), (10, 12), (13, 11), (11, 11), (1, 9), (16, 7), (7, 4), (2, 8), (6, 8), (12, 3), (12, 12), (14, 9), (3, 9), (4, 8), (5, 6), (18, 8), (8, 8), (10, 5), (13, 4), (8, 17), (10, 14), (1, 11), (11, 13), (2, 10), (16, 9), (6, 10), (12, 5), (12, 14), (14, 11), (3, 11), (4, 10), (17, 13), (8, 10), (10, 7), (19, 10), (11, 6), (10, 16), (9, 18), (11, 15), (2, 12), (15, 15), (6, 12), (12, 7), (14, 4), (12, 16), (4, 12), (8, 3), (10, 0), (8, 12), (10, 9), (9, 11), (11, 8), (10, 18), (11, 17), (19, 9), (15, 8), (6, 5), (6, 14), (7, 13), (12, 9), (14, 6), (4, 14), (17, 8), (8, 5), (10, 2), (9, 4), (11, 1), (5, 15), (8, 14), (10, 11), (9, 13), (11, 10), (0, 10), (11, 19), (13, 13), (15, 10), (6, 7), (7, 6), (12, 2), (6, 16), (7, 15), (12, 11), (4, 7), (5, 8), (8, 7), (10, 4), (9, 6), (17, 10), (11, 3), (8, 16), (10, 13), (9, 15), (11, 12), (2, 9), (13, 6), (13, 15), (15, 12), (6, 9), (16, 11), (7, 8)}
(12, 4)
(7, 17)
(4, 9)
(14, 13)
(5, 10)
(8, 9)
(10, 6)
(9, 8)
(11, 5)
(17, 12)
(3, 13)
(8, 18)
(9, 17)
(11, 14)
(2, 11)
(13, 8)
(15, 5)
(13, 17)
(15, 14)
(6, 11)
(16, 13)
(7, 10)
(18, 10)
(8, 2)
(9, 1)
(14, 15)
(5, 12)
(8, 11)
(19, 11)
(9, 10)
(11, 7)
(12, 18)
(9, 19)
(11, 16)
(13, 10)
(15, 7)
(6, 4)
(16, 6)
(7, 3)
(10, 20)
